3 4
1 1 1 
1 0 0 
1 1 1 
1 1 1
3 4
1 1 1
1 1 0
1 0 1
1 1 1
3 5
1 1 1
1 0 1
1 0 1
1 1 1
1 0 1
3 6
1 1 1
1 0 1
0 1 1
1 1 1
1 0 1
1 0 0
4 6
1 1 0 1
1 1 1 1
0 0 0 1
1 1 1 1
0 1 0 1
1 1 1 1
4 6
1 0 1 1
1 1 0 1
1 0 1 0
1 0 1 1
0 1 0 1
1 1 1 1
5 7
1 1 0 1 1
0 1 1 1 0
0 0 1 0 1
1 0 1 0 1
1 0 1 1 1
1 1 0 0 1
1 1 1 1 1
5 8
1 1 1 1 0
0 1 0 1 1
1 1 1 0 1
1 0 0 1 1
0 0 0 0 1
1 0 1 1 0
1 1 1 1 1
1 0 1 1 0
5 8
1 1 1 1 1
1 0 0 0 1
1 1 1 1 1
0 0 1 1 0
0 1 0 0 1
1 1 0 1 1
0 1 0 0 1
1 1 1 1 1
5 9
1 1 1 1 1
1 0 0 0 1
1 1 1 1 1
0 0 0 1 1
1 1 1 0 1
1 0 1 0 1
1 0 1 1 0
1 1 0 0 1
1 0 1 1 1
6 9
0 1 1 1 1 1
0 0 0 1 0 1
1 1 1 1 0 1
1 0 0 1 0 1
1 0 0 0 1 1
1 1 0 1 1 1
0 0 1 1 0 1
1 1 1 1 1 0
1 0 0 1 1 1
7 9
1 1 1 1 1 1 1
1 0 1 0 0 0 1
1 1 1 1 1 1 1
1 0 0 0 0 0 0
1 1 1 1 1 1 1
0 1 1 0 0 1 1
0 1 0 1 1 0 1
1 1 0 1 1 0 1
1 0 0 0 1 1 1
8 9
1 0 0 0 1 0 0 1
1 1 0 1 1 0 1 1
1 1 0 1 0 0 0 1
1 0 1 1 0 0 1 1
1 0 1 0 1 0 1 0
1 1 1 0 1 0 1 0
0 0 0 1 1 1 0 1
1 1 1 1 0 1 1 1
1 1 1 1 1 1 0 1
8 9
1 1 1 1 0 0 1 0
0 1 0 1 1 0 1 1
1 1 0 1 0 1 1 0
1 0 1 0 1 1 1 1
1 1 1 1 1 1 0 1
0 0 0 0 0 0 0 1
1 1 1 1 1 1 0 1
1 0 1 0 1 1 1 1
1 1 1 0 1 0 1 1
9 9
1 1 1 0 1 0 0 1 1
1 0 0 1 1 1 0 1 0
1 0 1 1 1 1 0 1 1
1 0 0 1 0 0 0 0 1
1 0 1 0 1 1 0 1 0
1 0 1 1 0 1 1 1 1
1 1 1 1 1 0 0 0 1
0 0 0 0 0 1 1 0 1
0 0 0 0 1 1 0 1 1
10 9
0 1 1 0 1 0 1 1 0 1
1 1 0 1 1 0 0 1 1 1
1 0 0 1 0 1 1 0 1 0
1 1 1 0 0 1 1 1 1 1
1 0 1 1 1 1 0 0 0 1
1 1 0 0 0 0 0 1 1 1
0 1 0 1 1 1 1 1 0 1
1 1 0 1 0 0 1 1 1 0
1 1 1 1 1 1 0 1 1 1
11 9
1 1 1 1 1 1 1 1 0 1 1
1 0 1 0 0 0 1 0 1 1 1
1 1 1 1 0 1 1 1 1 0 1
1 0 1 1 1 1 1 0 1 0 1
1 1 0 1 0 0 0 1 0 0 1
1 1 1 1 1 1 1 1 0 1 1
1 0 0 0 1 0 0 0 0 1 1
0 0 1 0 0 1 1 0 1 1 1
0 0 1 1 1 1 1 1 1 0 1
12 9
0 1 0 1 1 0 1 1 1 1 1 1
1 1 1 0 1 0 0 1 1 0 1 1
0 0 1 0 1 1 1 0 0 0 1 0
1 1 1 1 1 0 1 0 1 1 0 0
0 0 0 0 0 1 1 0 1 0 0 1
1 1 1 0 1 0 0 1 1 0 0 1
0 1 0 0 1 1 0 1 1 0 0 1
1 1 1 1 1 1 0 1 0 1 0 1
1 0 1 1 1 0 1 1 0 1 1 1
12 9
1 0 0 0 1 1 1 1 1 1 0 1
1 1 1 1 1 0 1 0 0 1 0 1
1 0 0 1 1 0 0 1 1 0 1 1
1 1 0 1 1 1 0 1 0 1 1 1
1 0 1 1 0 0 1 1 0 1 1 0
1 0 1 0 0 0 0 1 1 0 0 1
0 1 0 0 0 1 1 1 0 1 1 1
0 1 0 1 1 0 0 1 1 1 0 1
1 1 1 1 1 1 1 0 0 1 1 1
12 9
1 1 1 1 1 1 1 1 1 0 1 1
1 0 0 0 1 0 0 0 1 1 1 0
1 1 1 1 1 0 1 0 1 0 1 1
1 1 0 1 1 0 1 1 1 1 0 1
0 0 1 1 0 0 1 0 0 1 1 1
1 1 1 1 0 0 0 1 1 0 0 0
1 0 1 0 1 1 1 1 1 1 1 1
1 0 0 1 0 0 0 1 0 0 0 1
1 1 1 1 1 1 1 1 1 1 1 1